type=upc
upc=5052319832228
price=240
latlng=51.517289,-0.126343
