type=upc
upc=5000136015744
price=400
latlng=51.517289,-0.126343
