type=upc
upc=50378289
price=189
latlng=51.517289,-0.126343
