type=upc
upc=5000232826169
latlng=51.517289,-0.126343
