type=upc
upc=5019503012194
latlng=51.517289,-0.126343
